Success]Hash: 0xd403bbab5d5e6993d0027615cf6276f69c9847f50fa0c9c085e9295350cec07e
Contract Address: 0xeF112f9315Ff6aD4A9EFe514C332F0350C106Fd4
Block: 9543758
Paid: 0.0204795108 ETH (464388 gas * 44.1 gwei)


ss]Hash: 0x250bbdad4b00c2b12caffaf94478cd9ab2bbf6343f054254c08fe7df47d98a68
Contract Address: 0xdf40a9eF89ecEE02a9baE4e8A454d5DF0d5Bf2F4
Block: 9544278
Paid: 0.011672070005836035 ETH (389069 gas * 30.000000015 gwei)